#          k/h    CDM            baryon         photon         nu             mass_nu        total          no_nu          total_de       Weyl           v_CDM          v_b            v_b-v_c     
   0.105297E-04   0.196894E+08   0.196894E+08   0.262388E+08   0.262385E+08   0.196916E+08   0.196894E+08   0.196894E+08   0.196160E+08  -0.476201E+00   0.103836E+08   0.103836E+08   0.515467E+01
   0.116264E-04   0.196894E+08   0.196894E+08   0.262358E+08   0.262354E+08   0.196916E+08   0.196894E+08   0.196894E+08   0.196160E+08  -0.476201E+00   0.103836E+08   0.103836E+08   0.569137E+01
   0.128374E-04   0.196894E+08   0.196894E+08   0.262321E+08   0.262317E+08   0.196916E+08   0.196894E+08   0.196894E+08   0.196160E+08  -0.476200E+00   0.103836E+08   0.103836E+08   0.628391E+01
   0.141745E-04   0.196894E+08   0.196894E+08   0.262276E+08   0.262271E+08   0.196916E+08   0.196894E+08   0.196894E+08   0.196160E+08  -0.476200E+00   0.103836E+08   0.103836E+08   0.693807E+01
   0.156508E-04   0.196894E+08   0.196894E+08   0.262222E+08   0.262215E+08   0.196915E+08   0.196894E+08   0.196894E+08   0.196160E+08  -0.476199E+00   0.103836E+08   0.103836E+08   0.766025E+01
   0.172810E-04   0.196894E+08   0.196894E+08   0.262155E+08   0.262147E+08   0.196915E+08   0.196894E+08   0.196894E+08   0.196159E+08  -0.476199E+00   0.103836E+08   0.103836E+08   0.845749E+01
   0.190809E-04   0.196893E+08   0.196893E+08   0.262074E+08   0.262064E+08   0.196915E+08   0.196894E+08   0.196893E+08   0.196159E+08  -0.476198E+00   0.103836E+08   0.103836E+08   0.933754E+01
   0.210683E-04   0.196893E+08   0.196893E+08   0.261975E+08   0.261963E+08   0.196914E+08   0.196893E+08   0.196893E+08   0.196159E+08  -0.476196E+00   0.103835E+08   0.103835E+08   0.103090E+02
   0.232626E-04   0.196893E+08   0.196893E+08   0.261854E+08   0.261840E+08   0.196914E+08   0.196893E+08   0.196893E+08   0.196159E+08  -0.476195E+00   0.103835E+08   0.103835E+08   0.113812E+02
   0.256856E-04   0.196893E+08   0.196893E+08   0.261707E+08   0.261690E+08   0.196913E+08   0.196893E+08   0.196893E+08   0.196158E+08  -0.476193E+00   0.103835E+08   0.103835E+08   0.125646E+02
   0.283609E-04   0.196892E+08   0.196892E+08   0.261528E+08   0.261507E+08   0.196912E+08   0.196892E+08   0.196892E+08   0.196158E+08  -0.476191E+00   0.103835E+08   0.103835E+08   0.138705E+02
   0.313149E-04   0.196892E+08   0.196892E+08   0.261310E+08   0.261284E+08   0.196911E+08   0.196892E+08   0.196892E+08   0.196157E+08  -0.476189E+00   0.103835E+08   0.103835E+08   0.153114E+02
   0.345765E-04   0.196891E+08   0.196891E+08   0.261044E+08   0.261012E+08   0.196909E+08   0.196891E+08   0.196891E+08   0.196157E+08  -0.476186E+00   0.103834E+08   0.103834E+08   0.169012E+02
   0.381779E-04   0.196890E+08   0.196890E+08   0.260720E+08   0.260681E+08   0.196908E+08   0.196891E+08   0.196890E+08   0.196156E+08  -0.476182E+00   0.103834E+08   0.103834E+08   0.186548E+02
   0.421543E-04   0.196890E+08   0.196889E+08   0.260326E+08   0.260279E+08   0.196906E+08   0.196890E+08   0.196890E+08   0.196155E+08  -0.476177E+00   0.103833E+08   0.103833E+08   0.205888E+02
   0.465450E-04   0.196888E+08   0.196888E+08   0.259846E+08   0.259788E+08   0.196903E+08   0.196889E+08   0.196888E+08   0.196153E+08  -0.476172E+00   0.103833E+08   0.103833E+08   0.227210E+02
   0.513929E-04   0.196887E+08   0.196887E+08   0.259262E+08   0.259192E+08   0.196900E+08   0.196887E+08   0.196887E+08   0.196152E+08  -0.476165E+00   0.103832E+08   0.103832E+08   0.250712E+02
   0.567458E-04   0.196886E+08   0.196885E+08   0.258552E+08   0.258467E+08   0.196897E+08   0.196886E+08   0.196886E+08   0.196150E+08  -0.476157E+00   0.103831E+08   0.103831E+08   0.276604E+02
   0.626562E-04   0.196884E+08   0.196883E+08   0.257688E+08   0.257585E+08   0.196892E+08   0.196884E+08   0.196884E+08   0.196148E+08  -0.476147E+00   0.103830E+08   0.103830E+08   0.305118E+02
   0.691823E-04   0.196881E+08   0.196881E+08   0.256639E+08   0.256513E+08   0.196887E+08   0.196881E+08   0.196881E+08   0.196145E+08  -0.476134E+00   0.103828E+08   0.103828E+08   0.336499E+02
   0.763880E-04   0.196878E+08   0.196878E+08   0.255365E+08   0.255212E+08   0.196881E+08   0.196878E+08   0.196878E+08   0.196142E+08  -0.476119E+00   0.103827E+08   0.103827E+08   0.371012E+02
   0.843443E-04   0.196875E+08   0.196875E+08   0.253820E+08   0.253634E+08   0.196873E+08   0.196875E+08   0.196875E+08   0.196138E+08  -0.476101E+00   0.103825E+08   0.103825E+08   0.408935E+02
   0.931293E-04   0.196870E+08   0.196870E+08   0.251948E+08   0.251723E+08   0.196863E+08   0.196870E+08   0.196870E+08   0.196133E+08  -0.476079E+00   0.103822E+08   0.103822E+08   0.450562E+02
   0.102829E-03   0.196865E+08   0.196865E+08   0.249683E+08   0.249410E+08   0.196851E+08   0.196865E+08   0.196865E+08   0.196127E+08  -0.476052E+00   0.103819E+08   0.103819E+08   0.496194E+02
   0.113540E-03   0.196859E+08   0.196858E+08   0.246946E+08   0.246617E+08   0.196837E+08   0.196859E+08   0.196859E+08   0.196119E+08  -0.476019E+00   0.103816E+08   0.103815E+08   0.546137E+02
   0.125365E-03   0.196851E+08   0.196850E+08   0.243648E+08   0.243251E+08   0.196819E+08   0.196851E+08   0.196851E+08   0.196111E+08  -0.475979E+00   0.103811E+08   0.103811E+08   0.600692E+02
   0.138423E-03   0.196842E+08   0.196841E+08   0.239682E+08   0.239204E+08   0.196798E+08   0.196841E+08   0.196842E+08   0.196100E+08  -0.475931E+00   0.103806E+08   0.103805E+08   0.660140E+02
   0.152841E-03   0.196830E+08   0.196829E+08   0.234927E+08   0.234353E+08   0.196772E+08   0.196830E+08   0.196830E+08   0.196087E+08  -0.475872E+00   0.103799E+08   0.103799E+08   0.724731E+02
   0.168760E-03   0.196816E+08   0.196815E+08   0.229248E+08   0.228562E+08   0.196740E+08   0.196816E+08   0.196816E+08   0.196071E+08  -0.475801E+00   0.103791E+08   0.103791E+08   0.794655E+02
   0.186337E-03   0.196799E+08   0.196798E+08   0.222496E+08   0.221679E+08   0.196702E+08   0.196799E+08   0.196799E+08   0.196052E+08  -0.475715E+00   0.103781E+08   0.103781E+08   0.870015E+02
   0.205746E-03   0.196779E+08   0.196777E+08   0.214515E+08   0.213546E+08   0.196655E+08   0.196778E+08   0.196778E+08   0.196028E+08  -0.475610E+00   0.103769E+08   0.103769E+08   0.950787E+02
   0.227175E-03   0.196754E+08   0.196752E+08   0.205144E+08   0.204003E+08   0.196598E+08   0.196753E+08   0.196753E+08   0.196000E+08  -0.475485E+00   0.103755E+08   0.103754E+08   0.103677E+03
   0.250837E-03   0.196723E+08   0.196721E+08   0.194235E+08   0.192902E+08   0.196529E+08   0.196722E+08   0.196723E+08   0.195966E+08  -0.475333E+00   0.103738E+08   0.103737E+08   0.112751E+03
   0.276963E-03   0.196687E+08   0.196684E+08   0.181668E+08   0.180126E+08   0.196445E+08   0.196685E+08   0.196686E+08   0.195926E+08  -0.475151E+00   0.103717E+08   0.103716E+08   0.122228E+03
   0.305811E-03   0.196642E+08   0.196639E+08   0.167378E+08   0.165614E+08   0.196343E+08   0.196640E+08   0.196642E+08   0.195877E+08  -0.474933E+00   0.103691E+08   0.103690E+08   0.131990E+03
   0.337663E-03   0.196589E+08   0.196585E+08   0.151388E+08   0.149401E+08   0.196219E+08   0.196587E+08   0.196588E+08   0.195819E+08  -0.474673E+00   0.103661E+08   0.103659E+08   0.141874E+03
   0.372832E-03   0.196525E+08   0.196520E+08   0.133853E+08   0.131654E+08   0.196070E+08   0.196522E+08   0.196524E+08   0.195750E+08  -0.474364E+00   0.103624E+08   0.103622E+08   0.151661E+03
   0.411665E-03   0.196447E+08   0.196442E+08   0.115102E+08   0.112724E+08   0.195889E+08   0.196444E+08   0.196447E+08   0.195668E+08  -0.473999E+00   0.103580E+08   0.103578E+08   0.161068E+03
   0.454543E-03   0.196355E+08   0.196348E+08   0.956816E+07   0.931824E+07   0.195671E+08   0.196351E+08   0.196354E+08   0.195571E+08  -0.473570E+00   0.103527E+08   0.103525E+08   0.169746E+03
   0.501886E-03   0.196245E+08   0.196237E+08   0.763686E+07   0.738359E+07   0.195409E+08   0.196240E+08   0.196244E+08   0.195458E+08  -0.473070E+00   0.103465E+08   0.103462E+08   0.177291E+03
   0.554161E-03   0.196114E+08   0.196104E+08   0.581459E+07   0.556967E+07   0.195094E+08   0.196108E+08   0.196112E+08   0.195326E+08  -0.472491E+00   0.103391E+08   0.103388E+08   0.183262E+03
   0.611880E-03   0.195959E+08   0.195948E+08   0.420971E+07   0.398695E+07   0.194716E+08   0.195952E+08   0.195957E+08   0.195173E+08  -0.471826E+00   0.103303E+08   0.103300E+08   0.187211E+03
   0.675611E-03   0.195777E+08   0.195764E+08   0.292069E+07   0.273415E+07   0.194265E+08   0.195768E+08   0.195775E+08   0.194997E+08  -0.471070E+00   0.103201E+08   0.103197E+08   0.188741E+03
   0.745980E-03   0.195563E+08   0.195549E+08   0.200734E+07   0.186835E+07   0.193728E+08   0.195552E+08   0.195561E+08   0.194794E+08  -0.470220E+00   0.103082E+08   0.103077E+08   0.187564E+03
   0.823679E-03   0.195314E+08   0.195298E+08   0.146099E+07   0.137449E+07   0.193090E+08   0.195302E+08   0.195312E+08   0.194563E+08  -0.469273E+00   0.102944E+08   0.102939E+08   0.183566E+03
   0.909470E-03   0.195026E+08   0.195008E+08   0.118954E+07   0.115118E+07   0.192336E+08   0.195011E+08   0.195023E+08   0.194300E+08  -0.468228E+00   0.102785E+08   0.102780E+08   0.176846E+03
   0.100420E-02   0.194693E+08   0.194674E+08   0.103925E+07   0.103516E+07   0.191448E+08   0.194676E+08   0.194690E+08   0.194000E+08  -0.467084E+00   0.102603E+08   0.102598E+08   0.167718E+03
   0.110879E-02   0.194312E+08   0.194291E+08   0.863505E+06   0.874506E+06   0.190406E+08   0.194291E+08   0.194308E+08   0.193658E+08  -0.465841E+00   0.102397E+08   0.102391E+08   0.156657E+03
   0.122428E-02   0.193875E+08   0.193854E+08   0.612165E+06   0.621387E+06   0.189191E+08   0.193851E+08   0.193872E+08   0.193268E+08  -0.464493E+00   0.102162E+08   0.102157E+08   0.144215E+03
   0.135179E-02   0.193379E+08   0.193357E+08   0.364994E+06   0.364492E+06   0.187782E+08   0.193350E+08   0.193375E+08   0.192823E+08  -0.463034E+00   0.101896E+08   0.101891E+08   0.130970E+03
   0.149259E-02   0.192814E+08   0.192792E+08   0.238255E+06   0.229213E+06   0.186163E+08   0.192780E+08   0.192810E+08   0.192312E+08  -0.461451E+00   0.101596E+08   0.101591E+08   0.117541E+03
   0.164805E-02   0.192173E+08   0.192151E+08   0.224825E+06  -0.170498E+06   0.184316E+08   0.192134E+08   0.192170E+08   0.191724E+08  -0.459724E+00   0.101256E+08   0.101251E+08   0.104614E+03
   0.181971E-02   0.191448E+08   0.191425E+08   0.189874E+06  -0.138950E+06   0.182223E+08   0.191403E+08   0.191444E+08   0.191049E+08  -0.457828E+00   0.100872E+08   0.100867E+08   0.928645E+02
   0.200924E-02   0.190627E+08   0.190604E+08   0.937312E+05  -0.113247E+06   0.179873E+08   0.190575E+08   0.190624E+08   0.190273E+08  -0.455732E+00   0.100438E+08   0.100433E+08   0.827295E+02
   0.221852E-02   0.189700E+08   0.189677E+08   0.540497E+05  -0.922888E+05   0.177256E+08   0.189641E+08   0.189697E+08   0.189385E+08  -0.453404E+00   0.999482E+07   0.999432E+07   0.742700E+02
   0.244959E-02   0.188655E+08   0.188630E+08   0.610063E+05  -0.751894E+05   0.174367E+08   0.188587E+08   0.188651E+08   0.188372E+08  -0.450811E+00   0.993954E+07   0.993904E+07   0.672493E+02
   0.270473E-02   0.187479E+08   0.187453E+08   0.256837E+05  -0.612315E+05   0.171207E+08   0.187401E+08   0.187475E+08   0.187222E+08  -0.447920E+00   0.987733E+07   0.987683E+07   0.612191E+02
   0.298645E-02   0.186159E+08   0.186131E+08   0.251975E+05  -0.498360E+05   0.167774E+08   0.186072E+08   0.186155E+08   0.185923E+08  -0.444696E+00   0.980751E+07   0.980701E+07   0.556442E+02
   0.329750E-02   0.184682E+08   0.184652E+08   0.116640E+05  -0.405321E+05   0.164063E+08   0.184584E+08   0.184677E+08   0.184461E+08  -0.441105E+00   0.972938E+07   0.972889E+07   0.502506E+02
   0.364096E-02   0.183035E+08   0.183003E+08   0.483336E+04  -0.329371E+05   0.160067E+08   0.182926E+08   0.183030E+08   0.182825E+08  -0.437114E+00   0.964226E+07   0.964176E+07   0.451250E+02
   0.402019E-02   0.181204E+08   0.181169E+08  -0.227737E+04  -0.267391E+05   0.155773E+08   0.181084E+08   0.181199E+08   0.181001E+08  -0.432689E+00   0.954542E+07   0.954493E+07   0.405608E+02
   0.443891E-02   0.179177E+08   0.179138E+08   0.637663E+03  -0.216835E+05   0.151169E+08   0.179044E+08   0.179171E+08   0.178976E+08  -0.427797E+00   0.943818E+07   0.943769E+07   0.366632E+02
   0.490125E-02   0.176939E+08   0.176896E+08  -0.201333E+04  -0.175619E+05   0.146259E+08   0.176794E+08   0.176932E+08   0.176738E+08  -0.422405E+00   0.931982E+07   0.931933E+07   0.331921E+02
   0.541175E-02   0.174477E+08   0.174429E+08  -0.229730E+04  -0.142042E+05   0.141044E+08   0.174319E+08   0.174470E+08   0.174274E+08  -0.416481E+00   0.918965E+07   0.918916E+07   0.299272E+02
   0.597542E-02   0.171779E+08   0.171725E+08  -0.137896E+04  -0.114710E+05   0.135518E+08   0.171607E+08   0.171770E+08   0.171570E+08  -0.409991E+00   0.904696E+07   0.904648E+07   0.269836E+02
   0.659780E-02   0.168833E+08   0.168772E+08  -0.204275E+04  -0.924843E+04   0.129368E+08   0.168646E+08   0.168824E+08   0.168616E+08  -0.402910E+00   0.889119E+07   0.889071E+07   0.244344E+02
   0.728500E-02   0.165619E+08   0.165549E+08  -0.168167E+04  -0.744239E+04   0.123084E+08   0.165416E+08   0.165608E+08   0.165392E+08  -0.395188E+00   0.872124E+07   0.872076E+07   0.221089E+02
   0.804377E-02   0.162123E+08   0.162043E+08  -0.181048E+04  -0.597660E+04   0.116537E+08   0.161905E+08   0.162110E+08   0.161886E+08  -0.386795E+00   0.853646E+07   0.853598E+07   0.200294E+02
   0.888158E-02   0.158338E+08   0.158245E+08  -0.238047E+04  -0.478864E+04   0.109817E+08   0.158104E+08   0.158323E+08   0.158089E+08  -0.377712E+00   0.833641E+07   0.833593E+07   0.181944E+02
   0.980666E-02   0.154249E+08   0.154141E+08  -0.112572E+04  -0.382722E+04   0.102935E+08   0.154001E+08   0.154232E+08   0.153989E+08  -0.367906E+00   0.812040E+07   0.811991E+07   0.165432E+02
   0.108281E-01   0.149843E+08   0.149718E+08  -0.157524E+04  -0.305030E+04   0.958833E+07   0.149581E+08   0.149824E+08   0.149571E+08  -0.357343E+00   0.788767E+07   0.788718E+07   0.151005E+02
   0.119559E-01   0.145108E+08   0.144963E+08  -0.122095E+04  -0.242354E+04   0.887199E+07   0.144831E+08   0.145085E+08   0.144823E+08  -0.345995E+00   0.763759E+07   0.763710E+07   0.138039E+02
   0.132012E-01   0.140033E+08   0.139865E+08  -0.864434E+03  -0.191890E+04   0.815219E+07   0.139743E+08   0.140006E+08   0.139737E+08  -0.333838E+00   0.736962E+07   0.736912E+07   0.126659E+02
   0.145762E-01   0.134608E+08   0.134414E+08  -0.895550E+03  -0.151344E+04   0.743541E+07   0.134306E+08   0.134578E+08   0.134301E+08  -0.320849E+00   0.708328E+07   0.708278E+07   0.116534E+02
   0.160944E-01   0.128829E+08   0.128605E+08  -0.934941E+03  -0.118846E+04   0.672416E+07   0.128517E+08   0.128794E+08   0.128513E+08  -0.307017E+00   0.677831E+07   0.677779E+07   0.107508E+02
   0.177707E-01   0.122697E+08   0.122439E+08  -0.513184E+03  -0.928717E+03   0.602778E+07   0.122375E+08   0.122656E+08   0.122372E+08  -0.292345E+00   0.645475E+07   0.645422E+07   0.994009E+01
   0.196216E-01   0.116221E+08   0.115928E+08  -0.509461E+03  -0.721804E+03   0.535174E+07   0.115893E+08   0.116175E+08   0.115890E+08  -0.276858E+00   0.611317E+07   0.611263E+07   0.919831E+01
   0.216653E-01   0.109427E+08   0.109096E+08  -0.349132E+03  -0.557627E+03   0.470304E+07   0.109094E+08   0.109375E+08   0.109092E+08  -0.260617E+00   0.575490E+07   0.575434E+07   0.850652E+01
   0.239219E-01   0.102360E+08   0.101992E+08  -0.258112E+03  -0.427988E+03   0.408835E+07   0.102025E+08   0.102302E+08   0.102024E+08  -0.243729E+00   0.538231E+07   0.538174E+07   0.784034E+01
   0.264135E-01   0.950904E+07   0.946870E+07  -0.223280E+03  -0.326227E+03   0.351446E+07   0.947571E+07   0.950270E+07   0.947560E+07  -0.226366E+00   0.499917E+07   0.499861E+07   0.718097E+01
   0.291646E-01   0.877228E+07   0.872898E+07  -0.133472E+03  -0.246930E+03   0.298698E+07   0.873944E+07   0.876548E+07   0.873936E+07  -0.208777E+00   0.461100E+07   0.461043E+07   0.650749E+01
   0.322023E-01   0.803972E+07   0.799440E+07  -0.155460E+03  -0.185686E+03   0.251104E+07   0.800771E+07   0.803260E+07   0.800765E+07  -0.191297E+00   0.422518E+07   0.422462E+07   0.580425E+01
   0.355564E-01   0.732866E+07   0.728269E+07  -0.908890E+02  -0.138879E+03   0.209041E+07   0.729786E+07   0.732144E+07   0.729782E+07  -0.174339E+00   0.385085E+07   0.385031E+07   0.506277E+01
   0.392598E-01   0.665846E+07   0.661363E+07  -0.632302E+02  -0.103531E+03   0.172695E+07   0.662922E+07   0.665142E+07   0.662919E+07  -0.158365E+00   0.349822E+07   0.349771E+07   0.428558E+01
   0.433490E-01   0.604771E+07   0.600608E+07  -0.604342E+02  -0.771577E+02   0.142012E+07   0.602034E+07   0.604117E+07   0.602031E+07  -0.143820E+00   0.317707E+07   0.317662E+07   0.349003E+01
   0.476839E-01   0.552736E+07   0.549070E+07  -0.571562E+02  -0.583024E+02   0.117485E+07   0.550201E+07   0.552160E+07   0.550199E+07  -0.131438E+00   0.290367E+07   0.290328E+07   0.273935E+01
   0.520188E-01   0.511746E+07   0.508658E+07  -0.444828E+02  -0.453746E+02   0.989803E+06   0.509403E+07   0.511261E+07   0.509401E+07  -0.121691E+00   0.268846E+07   0.268814E+07   0.210476E+01
   0.563537E-01   0.478411E+07   0.475899E+07  -0.354470E+02  -0.361574E+02   0.846030E+06   0.476244E+07   0.478017E+07   0.476242E+07  -0.113770E+00   0.251354E+07   0.251327E+07   0.159768E+01
   0.606885E-01   0.450146E+07   0.448138E+07  -0.287682E+02  -0.293446E+02   0.730936E+06   0.448132E+07   0.449830E+07   0.448131E+07  -0.107054E+00   0.236525E+07   0.236502E+07   0.121913E+01
   0.650234E-01   0.425008E+07   0.423384E+07  -0.236680E+02  -0.241422E+02   0.636112E+06   0.423125E+07   0.424753E+07   0.423124E+07  -0.101080E+00   0.223332E+07   0.223313E+07   0.959368E+00
   0.693583E-01   0.401393E+07   0.400010E+07  -0.196510E+02  -0.200445E+02   0.555686E+06   0.399618E+07   0.401175E+07   0.399617E+07  -0.954645E-01   0.210929E+07   0.210913E+07   0.799734E+00
   0.736932E-01   0.378112E+07   0.376832E+07  -0.164005E+02  -0.167289E+02   0.485718E+06   0.376427E+07   0.377911E+07   0.376426E+07  -0.899244E-01   0.198693E+07   0.198677E+07   0.716031E+00
   0.780281E-01   0.354805E+07   0.353514E+07  -0.137289E+02  -0.140037E+02   0.424157E+06   0.353195E+07   0.354602E+07   0.353194E+07  -0.843746E-01   0.186434E+07   0.186418E+07   0.682633E+00
   0.823630E-01   0.331775E+07   0.330399E+07  -0.115229E+02  -0.117535E+02   0.370105E+06   0.330231E+07   0.331559E+07   0.330231E+07  -0.788888E-01   0.174316E+07   0.174300E+07   0.675658E+00
   0.866979E-01   0.309658E+07   0.308167E+07  -0.970654E+01  -0.990080E+01   0.323144E+06   0.308174E+07   0.309423E+07   0.308174E+07  -0.736197E-01   0.162676E+07   0.162659E+07   0.675371E+00
   0.910328E-01   0.289068E+07   0.287473E+07  -0.821891E+01  -0.838338E+01   0.282856E+06   0.287643E+07   0.288817E+07   0.287642E+07  -0.687148E-01   0.151841E+07   0.151822E+07   0.667642E+00
   0.964561E-01   0.266180E+07   0.264518E+07  -0.674129E+01  -0.687616E+01   0.241051E+06   0.264829E+07   0.265919E+07   0.264829E+07  -0.632649E-01   0.139800E+07   0.139782E+07   0.635910E+00
   0.101879E+00   0.247063E+07   0.245432E+07  -0.560907E+01  -0.572127E+01   0.207728E+06   0.245788E+07   0.246807E+07   0.245788E+07  -0.587161E-01   0.129751E+07   0.129733E+07   0.577367E+00
   0.107303E+00   0.231854E+07   0.230351E+07  -0.474571E+01  -0.484064E+01   0.181527E+06   0.230656E+07   0.231618E+07   0.230656E+07  -0.551013E-01   0.121764E+07   0.121748E+07   0.499237E+00
   0.112726E+00   0.220000E+07   0.218690E+07  -0.408087E+01  -0.416249E+01   0.160830E+06   0.218876E+07   0.219794E+07   0.218876E+07  -0.522872E-01   0.115547E+07   0.115533E+07   0.414009E+00
   0.118149E+00   0.210411E+07   0.209317E+07  -0.355356E+01  -0.362463E+01   0.143984E+06   0.209356E+07   0.210239E+07   0.209356E+07  -0.500130E-01   0.110522E+07   0.110510E+07   0.334592E+00
   0.123573E+00   0.201895E+07   0.200994E+07  -0.311757E+01  -0.317991E+01   0.129617E+06   0.200903E+07   0.201754E+07   0.200903E+07  -0.479936E-01   0.106060E+07   0.106050E+07   0.270733E+00
   0.128996E+00   0.193515E+07   0.192751E+07  -0.274257E+01  -0.279741E+01   0.116802E+06   0.192576E+07   0.193395E+07   0.192576E+07  -0.460043E-01   0.101665E+07   0.101656E+07   0.227154E+00
   0.134419E+00   0.184745E+07   0.184050E+07  -0.241149E+01  -0.245971E+01   0.105037E+06   0.183851E+07   0.184636E+07   0.183851E+07  -0.439201E-01   0.970600E+06   0.970518E+06   0.203375E+00
   0.139843E+00   0.175488E+07   0.174798E+07  -0.211652E+01  -0.215883E+01   0.941527E+05   0.174632E+07   0.175380E+07   0.174632E+07  -0.417177E-01   0.921935E+06   0.921853E+06   0.194885E+00
   0.145266E+00   0.165962E+07   0.165234E+07  -0.185495E+01  -0.189204E+01   0.841674E+05   0.165138E+07   0.165847E+07   0.165138E+07  -0.394497E-01   0.871821E+06   0.871736E+06   0.195051E+00
   0.150689E+00   0.156559E+07   0.155778E+07  -0.162612E+01  -0.165863E+01   0.751727E+05   0.155765E+07   0.156436E+07   0.155765E+07  -0.372106E-01   0.822344E+06   0.822256E+06   0.197161E+00
   0.156113E+00   0.147752E+07   0.146929E+07  -0.142983E+01  -0.145841E+01   0.672717E+05   0.146987E+07   0.147622E+07   0.146987E+07  -0.351137E-01   0.776010E+06   0.775919E+06   0.196052E+00
   0.161536E+00   0.139982E+07   0.139146E+07  -0.126520E+01  -0.129049E+01   0.605240E+05   0.139248E+07   0.139851E+07   0.139248E+07  -0.332648E-01   0.735154E+06   0.735063E+06   0.188995E+00
   0.166959E+00   0.133486E+07   0.132673E+07  -0.112940E+01  -0.115198E+01   0.548856E+05   0.132782E+07   0.133358E+07   0.132782E+07  -0.317201E-01   0.701020E+06   0.700932E+06   0.175755E+00
   0.172383E+00   0.128191E+07   0.127434E+07  -0.101750E+01  -0.103783E+01   0.501916E+05   0.127518E+07   0.128072E+07   0.127518E+07  -0.304626E-01   0.673233E+06   0.673151E+06   0.158026E+00
   0.177806E+00   0.123808E+07   0.123126E+07  -0.923750E+00  -0.942211E+00   0.462186E+05   0.123164E+07   0.123701E+07   0.123164E+07  -0.294226E-01   0.650249E+06   0.650175E+06   0.138557E+00
   0.183229E+00   0.119985E+07   0.119384E+07  -0.843103E+00  -0.859952E+00   0.427569E+05   0.119370E+07   0.119891E+07   0.119370E+07  -0.285162E-01   0.630220E+06   0.630154E+06   0.120215E+00
   0.188653E+00   0.116392E+07   0.115861E+07  -0.771577E+00  -0.786996E+00   0.396356E+05   0.115802E+07   0.116309E+07   0.115802E+07  -0.276640E-01   0.611387E+06   0.611328E+06   0.105211E+00
   0.194076E+00   0.112743E+07   0.112259E+07  -0.706243E+00  -0.720356E+00   0.367264E+05   0.112175E+07   0.112667E+07   0.112175E+07  -0.267975E-01   0.592240E+06   0.592185E+06   0.946464E-01
   0.199499E+00   0.108863E+07   0.108403E+07  -0.645389E+00  -0.658286E+00   0.339561E+05   0.108315E+07   0.108791E+07   0.108315E+07  -0.258754E-01   0.571863E+06   0.571810E+06   0.884536E-01
   0.204923E+00   0.104747E+07   0.104291E+07  -0.588562E+00  -0.600324E+00   0.313135E+05   0.104218E+07   0.104676E+07   0.104218E+07  -0.248966E-01   0.550232E+06   0.550179E+06   0.856455E-01
   0.210346E+00   0.100527E+07   0.100059E+07  -0.536092E+00  -0.546805E+00   0.288275E+05   0.100014E+07   0.100454E+07   0.100014E+07  -0.238923E-01   0.528039E+06   0.527986E+06   0.847391E-01
   0.215769E+00   0.963846E+06   0.959012E+06  -0.488474E+00  -0.498234E+00   0.265362E+05   0.958866E+06   0.963087E+06   0.958866E+06  -0.229063E-01   0.506249E+06   0.506194E+06   0.842062E-01
   0.221193E+00   0.924925E+06   0.919984E+06  -0.446035E+00  -0.454947E+00   0.244688E+05   0.920094E+06   0.924149E+06   0.920094E+06  -0.219801E-01   0.485780E+06   0.485725E+06   0.828478E-01
   0.226616E+00   0.889841E+06   0.884900E+06  -0.408819E+00  -0.416988E+00   0.226384E+05   0.885160E+06   0.889065E+06   0.885160E+06  -0.211455E-01   0.467338E+06   0.467283E+06   0.800141E-01
   0.232039E+00   0.859221E+06   0.854408E+06  -0.376519E+00  -0.384042E+00   0.210383E+05   0.854690E+06   0.858465E+06   0.854690E+06  -0.204177E-01   0.451252E+06   0.451199E+06   0.756437E-01
   0.237463E+00   0.832850E+06   0.828278E+06  -0.348494E+00  -0.355457E+00   0.196415E+05   0.828470E+06   0.832132E+06   0.828470E+06  -0.197913E-01   0.437409E+06   0.437359E+06   0.701500E-01
   0.242886E+00   0.809860E+06   0.805596E+06  -0.323925E+00  -0.330397E+00   0.184092E+05   0.805626E+06   0.809190E+06   0.805626E+06  -0.192456E-01   0.425349E+06   0.425302E+06   0.642148E-01
   0.248309E+00   0.789036E+06   0.785092E+06  -0.301976E+00  -0.308009E+00   0.172997E+05   0.784941E+06   0.788417E+06   0.784941E+06  -0.187514E-01   0.414428E+06   0.414384E+06   0.585591E-01
   0.253733E+00   0.769082E+06   0.765420E+06  -0.281904E+00  -0.287536E+00   0.162747E+05   0.765116E+06   0.768507E+06   0.765116E+06  -0.182778E-01   0.403962E+06   0.403921E+06   0.537486E-01
   0.259156E+00   0.748928E+06   0.745474E+06  -0.263156E+00  -0.268414E+00   0.153054E+05   0.745081E+06   0.748385E+06   0.745081E+06  -0.177992E-01   0.393384E+06   0.393345E+06   0.500814E-01
   0.264579E+00   0.728044E+06   0.724712E+06  -0.245443E+00  -0.250347E+00   0.143775E+05   0.724307E+06   0.727521E+06   0.724307E+06  -0.173029E-01   0.382416E+06   0.382379E+06   0.475656E-01
   0.270003E+00   0.706516E+06   0.703231E+06  -0.228714E+00  -0.233283E+00   0.134901E+05   0.702879E+06   0.706000E+06   0.702879E+06  -0.167910E-01   0.371104E+06   0.371066E+06   0.459714E-01
   0.275426E+00   0.684804E+06   0.681515E+06  -0.213039E+00  -0.217295E+00   0.126494E+05   0.681260E+06   0.684288E+06   0.681260E+06  -0.162746E-01   0.359690E+06   0.359653E+06   0.449288E-01
   0.280849E+00   0.663482E+06   0.660173E+06  -0.198509E+00  -0.202475E+00   0.118624E+05   0.660028E+06   0.662963E+06   0.660028E+06  -0.157674E-01   0.348481E+06   0.348444E+06   0.440409E-01
   0.286273E+00   0.643127E+06   0.639812E+06  -0.185196E+00  -0.188895E+00   0.111356E+05   0.639760E+06   0.642607E+06   0.639760E+06  -0.152832E-01   0.337781E+06   0.337744E+06   0.429853E-01
   0.291696E+00   0.624246E+06   0.620960E+06  -0.173136E+00  -0.176595E+00   0.104730E+05   0.620966E+06   0.623730E+06   0.620966E+06  -0.148342E-01   0.327858E+06   0.327822E+06   0.415770E-01
   0.297119E+00   0.607124E+06   0.603911E+06  -0.162297E+00  -0.165539E+00   0.987446E+04   0.603930E+06   0.606620E+06   0.603930E+06  -0.144273E-01   0.318864E+06   0.318828E+06   0.397837E-01
   0.302543E+00   0.591706E+06   0.588604E+06  -0.152558E+00  -0.155605E+00   0.933412E+04   0.588596E+06   0.591219E+06   0.588596E+06  -0.140609E-01   0.310768E+06   0.310734E+06   0.376996E-01
   0.307966E+00   0.577649E+06   0.574682E+06  -0.143738E+00  -0.146609E+00   0.884235E+04   0.574621E+06   0.577183E+06   0.574621E+06  -0.137271E-01   0.303390E+06   0.303357E+06   0.354958E-01
   0.313389E+00   0.564500E+06   0.561673E+06  -0.135650E+00  -0.138359E+00   0.838883E+04   0.561551E+06   0.564056E+06   0.561551E+06  -0.134149E-01   0.296489E+06   0.296458E+06   0.333628E-01
   0.318813E+00   0.551839E+06   0.549140E+06  -0.128137E+00  -0.130697E+00   0.796471E+04   0.548966E+06   0.551415E+06   0.548966E+06  -0.131142E-01   0.289845E+06   0.289815E+06   0.314590E-01
   0.324236E+00   0.539335E+06   0.536739E+06  -0.121081E+00  -0.123500E+00   0.756343E+04   0.536532E+06   0.538927E+06   0.536532E+06  -0.128172E-01   0.283280E+06   0.283251E+06   0.298765E-01
   0.329659E+00   0.526774E+06   0.524252E+06  -0.114404E+00  -0.116689E+00   0.718060E+04   0.524038E+06   0.526378E+06   0.524038E+06  -0.125187E-01   0.276684E+06   0.276656E+06   0.286292E-01
   0.335083E+00   0.514105E+06   0.511629E+06  -0.108068E+00  -0.110227E+00   0.681450E+04   0.511432E+06   0.513716E+06   0.511431E+06  -0.122176E-01   0.270028E+06   0.270000E+06   0.276636E-01
   0.340506E+00   0.501445E+06   0.498996E+06  -0.102076E+00  -0.104114E+00   0.646571E+04   0.498831E+06   0.501060E+06   0.498831E+06  -0.119165E-01   0.263375E+06   0.263348E+06   0.268843E-01
   0.345929E+00   0.489022E+06   0.486591E+06  -0.964494E-01  -0.983760E-01   0.613611E+04   0.486465E+06   0.488640E+06   0.486465E+06  -0.116211E-01   0.256847E+06   0.256820E+06   0.261843E-01
   0.351352E+00   0.477069E+06   0.474660E+06  -0.912094E-01  -0.930313E-01   0.582746E+04   0.474569E+06   0.476691E+06   0.474569E+06  -0.113369E-01   0.250566E+06   0.250539E+06   0.254716E-01
   0.356776E+00   0.465747E+06   0.463369E+06  -0.863581E-01  -0.880831E-01   0.554032E+04   0.463301E+06   0.465373E+06   0.463301E+06  -0.110678E-01   0.244617E+06   0.244590E+06   0.246871E-01
   0.362199E+00   0.455121E+06   0.452788E+06  -0.818800E-01  -0.835155E-01   0.527416E+04   0.452729E+06   0.454755E+06   0.452729E+06  -0.108152E-01   0.239035E+06   0.239009E+06   0.238122E-01
   0.367622E+00   0.445183E+06   0.442908E+06  -0.777469E-01  -0.792998E-01   0.502752E+04   0.442843E+06   0.444825E+06   0.442843E+06  -0.105791E-01   0.233816E+06   0.233791E+06   0.228650E-01
   0.373046E+00   0.435858E+06   0.433650E+06  -0.739222E-01  -0.753987E-01   0.479838E+04   0.433570E+06   0.435511E+06   0.433570E+06  -0.103575E-01   0.228920E+06   0.228895E+06   0.218885E-01
   0.378469E+00   0.427016E+06   0.424877E+06  -0.703627E-01  -0.717681E-01   0.458424E+04   0.424777E+06   0.426680E+06   0.424777E+06  -0.101475E-01   0.224277E+06   0.224254E+06   0.209340E-01
   0.383892E+00   0.418493E+06   0.416420E+06  -0.670246E-01  -0.683633E-01   0.438248E+04   0.416302E+06   0.418167E+06   0.416302E+06  -0.994502E-02   0.219803E+06   0.219780E+06   0.200470E-01
   0.389316E+00   0.410145E+06   0.408130E+06  -0.638710E-01  -0.651467E-01   0.419093E+04   0.408001E+06   0.409829E+06   0.408001E+06  -0.974671E-02   0.215420E+06   0.215397E+06   0.192563E-01
   0.394739E+00   0.401889E+06   0.399921E+06  -0.608777E-01  -0.620937E-01   0.400816E+04   0.399788E+06   0.401580E+06   0.399788E+06  -0.955051E-02   0.211084E+06   0.211062E+06   0.185707E-01
   0.400162E+00   0.393706E+06   0.391775E+06  -0.580329E-01  -0.591920E-01   0.383356E+04   0.391647E+06   0.393403E+06   0.391647E+06  -0.935604E-02   0.206786E+06   0.206764E+06   0.179796E-01
   0.405586E+00   0.385629E+06   0.383728E+06  -0.553325E-01  -0.564377E-01   0.366701E+04   0.383611E+06   0.385331E+06   0.383611E+06  -0.916405E-02   0.202542E+06   0.202521E+06   0.174590E-01
   0.411009E+00   0.377715E+06   0.375839E+06  -0.527760E-01  -0.538301E-01   0.350863E+04   0.375735E+06   0.377420E+06   0.375735E+06  -0.897591E-02   0.198384E+06   0.198363E+06   0.169793E-01
   0.416432E+00   0.370023E+06   0.368172E+06  -0.503633E-01  -0.513693E-01   0.335854E+04   0.368081E+06   0.369732E+06   0.368081E+06  -0.879306E-02   0.194343E+06   0.194323E+06   0.165127E-01
   0.421856E+00   0.362610E+06   0.360786E+06  -0.480936E-01  -0.490542E-01   0.321680E+04   0.360705E+06   0.362324E+06   0.360705E+06  -0.861687E-02   0.190449E+06   0.190429E+06   0.160397E-01
   0.427279E+00   0.355518E+06   0.353725E+06  -0.459637E-01  -0.468817E-01   0.308334E+04   0.353649E+06   0.355236E+06   0.353649E+06  -0.844831E-02   0.186724E+06   0.186704E+06   0.155519E-01
   0.432702E+00   0.348756E+06   0.346999E+06  -0.439665E-01  -0.448446E-01   0.295779E+04   0.346923E+06   0.348480E+06   0.346923E+06  -0.828763E-02   0.183172E+06   0.183153E+06   0.150510E-01
   0.438126E+00   0.342296E+06   0.340576E+06  -0.420906E-01  -0.429312E-01   0.283948E+04   0.340497E+06   0.342025E+06   0.340497E+06  -0.813411E-02   0.179779E+06   0.179760E+06   0.145466E-01
   0.443549E+00   0.336082E+06   0.334401E+06  -0.403223E-01  -0.411277E-01   0.272760E+04   0.334317E+06   0.335818E+06   0.334317E+06  -0.798647E-02   0.176516E+06   0.176498E+06   0.140519E-01
   0.448972E+00   0.330064E+06   0.328421E+06  -0.386496E-01  -0.394216E-01   0.262140E+04   0.328331E+06   0.329806E+06   0.328331E+06  -0.784349E-02   0.173356E+06   0.173338E+06   0.135800E-01
   0.454396E+00   0.324203E+06   0.322596E+06  -0.370628E-01  -0.378030E-01   0.252030E+04   0.322502E+06   0.323951E+06   0.322502E+06  -0.770423E-02   0.170278E+06   0.170261E+06   0.131402E-01
   0.459819E+00   0.318466E+06   0.316891E+06  -0.355534E-01  -0.362635E-01   0.242378E+04   0.316795E+06   0.318219E+06   0.316795E+06  -0.756791E-02   0.167266E+06   0.167248E+06   0.127368E-01
   0.465242E+00   0.312828E+06   0.311280E+06  -0.341145E-01  -0.347959E-01   0.233145E+04   0.311186E+06   0.312585E+06   0.311186E+06  -0.743391E-02   0.164304E+06   0.164287E+06   0.123679E-01
   0.470666E+00   0.307282E+06   0.305759E+06  -0.327420E-01  -0.333960E-01   0.224307E+04   0.305669E+06   0.307043E+06   0.305669E+06  -0.730211E-02   0.161391E+06   0.161374E+06   0.120277E-01
   0.476089E+00   0.301847E+06   0.300347E+06  -0.314344E-01  -0.320622E-01   0.215858E+04   0.300262E+06   0.301612E+06   0.300262E+06  -0.717294E-02   0.158536E+06   0.158520E+06   0.117082E-01
   0.481512E+00   0.296551E+06   0.295073E+06  -0.301911E-01  -0.307941E-01   0.207800E+04   0.294992E+06   0.296319E+06   0.294992E+06  -0.704706E-02   0.155754E+06   0.155738E+06   0.114012E-01
   0.486936E+00   0.291410E+06   0.289954E+06  -0.290106E-01  -0.295900E-01   0.200126E+04   0.289878E+06   0.291181E+06   0.289878E+06  -0.692488E-02   0.153054E+06   0.153038E+06   0.111004E-01
   0.492359E+00   0.286431E+06   0.284998E+06  -0.278903E-01  -0.284473E-01   0.192823E+04   0.284925E+06   0.286206E+06   0.284925E+06  -0.680655E-02   0.150438E+06   0.150423E+06   0.108017E-01
   0.497782E+00   0.281614E+06   0.280204E+06  -0.268270E-01  -0.273628E-01   0.185874E+04   0.280133E+06   0.281393E+06   0.280133E+06  -0.669208E-02   0.147908E+06   0.147893E+06   0.105043E-01
   0.503206E+00   0.276956E+06   0.275571E+06  -0.258178E-01  -0.263334E-01   0.179259E+04   0.275499E+06   0.276739E+06   0.275499E+06  -0.658139E-02   0.145462E+06   0.145447E+06   0.102099E-01
   0.508629E+00   0.272448E+06   0.271087E+06  -0.248588E-01  -0.253553E-01   0.172959E+04   0.271015E+06   0.272234E+06   0.271015E+06  -0.647425E-02   0.143094E+06   0.143079E+06   0.992186E-02
   0.514052E+00   0.268069E+06   0.266734E+06  -0.239461E-01  -0.244243E-01   0.166946E+04   0.266660E+06   0.267860E+06   0.266660E+06  -0.637022E-02   0.140795E+06   0.140780E+06   0.964358E-02
   0.519476E+00   0.263800E+06   0.262488E+06  -0.230753E-01  -0.235362E-01   0.161195E+04   0.262413E+06   0.263594E+06   0.262413E+06  -0.626877E-02   0.138553E+06   0.138538E+06   0.937784E-02
   0.524899E+00   0.259622E+06   0.258332E+06  -0.222431E-01  -0.226874E-01   0.155684E+04   0.258258E+06   0.259420E+06   0.258258E+06  -0.616950E-02   0.136359E+06   0.136344E+06   0.912613E-02
   0.530322E+00   0.255531E+06   0.254261E+06  -0.214471E-01  -0.218755E-01   0.150398E+04   0.254187E+06   0.255331E+06   0.254187E+06  -0.607226E-02   0.134210E+06   0.134195E+06   0.888857E-02
   0.535746E+00   0.251524E+06   0.250274E+06  -0.206856E-01  -0.210987E-01   0.145329E+04   0.250201E+06   0.251327E+06   0.250201E+06  -0.597704E-02   0.132105E+06   0.132091E+06   0.866389E-02
   0.541169E+00   0.247602E+06   0.246370E+06  -0.199570E-01  -0.203556E-01   0.140466E+04   0.246299E+06   0.247408E+06   0.246299E+06  -0.588383E-02   0.130045E+06   0.130031E+06   0.844994E-02
   0.546592E+00   0.243765E+06   0.242552E+06  -0.192599E-01  -0.196445E-01   0.135802E+04   0.242483E+06   0.243575E+06   0.242483E+06  -0.579266E-02   0.128030E+06   0.128016E+06   0.824420E-02
   0.552016E+00   0.240018E+06   0.238822E+06  -0.185931E-01  -0.189644E-01   0.131330E+04   0.238755E+06   0.239831E+06   0.238755E+06  -0.570362E-02   0.126062E+06   0.126048E+06   0.804450E-02
   0.557439E+00   0.236368E+06   0.235189E+06  -0.179557E-01  -0.183143E-01   0.127047E+04   0.235124E+06   0.236182E+06   0.235124E+06  -0.561686E-02   0.124144E+06   0.124131E+06   0.784938E-02
   0.562862E+00   0.232816E+06   0.231654E+06  -0.173468E-01  -0.176932E-01   0.122945E+04   0.231590E+06   0.232633E+06   0.231590E+06  -0.553245E-02   0.122279E+06   0.122266E+06   0.765814E-02
   0.568286E+00   0.229359E+06   0.228215E+06  -0.167646E-01  -0.170995E-01   0.119015E+04   0.228152E+06   0.229180E+06   0.228152E+06  -0.545031E-02   0.120463E+06   0.120451E+06   0.747081E-02
   0.573709E+00   0.225990E+06   0.224863E+06  -0.162076E-01  -0.165313E-01   0.115247E+04   0.224801E+06   0.225813E+06   0.224801E+06  -0.537025E-02   0.118694E+06   0.118681E+06   0.728788E-02
   0.579132E+00   0.222702E+06   0.221593E+06  -0.156741E-01  -0.159871E-01   0.111631E+04   0.221530E+06   0.222528E+06   0.221530E+06  -0.529212E-02   0.116967E+06   0.116955E+06   0.711019E-02
   0.580825E+00   0.221696E+06   0.220591E+06  -0.155124E-01  -0.158222E-01   0.110534E+04   0.220529E+06   0.221522E+06   0.220529E+06  -0.526820E-02   0.116438E+06   0.116426E+06   0.705532E-02
   0.604055E+00   0.208508E+06   0.207470E+06  -0.134892E-01  -0.137586E-01   0.967371E+03   0.207410E+06   0.208345E+06   0.207410E+06  -0.495481E-02   0.109512E+06   0.109500E+06   0.637507E-02
   0.628214E+00   0.196007E+06   0.195030E+06  -0.117240E-01  -0.119581E-01   0.845978E+03   0.194974E+06   0.195853E+06   0.194974E+06  -0.465773E-02   0.102946E+06   0.102935E+06   0.576844E-02
   0.653340E+00   0.184256E+06   0.183339E+06  -0.101898E-01  -0.103933E-01   0.739633E+03   0.183285E+06   0.184112E+06   0.183285E+06  -0.437849E-02   0.967742E+05   0.967640E+05   0.520974E-02
   0.818533E+00   0.128605E+06   0.127965E+06  -0.453129E-02  -0.462178E-02   0.338686E+03   0.127927E+06   0.128505E+06   0.127927E+06  -0.305604E-02   0.675454E+05   0.675382E+05   0.290036E-02
   0.102549E+01   0.892200E+05   0.887762E+05  -0.200281E-02  -0.204281E-02   0.153080E+03   0.887491E+05   0.891503E+05   0.887491E+05  -0.212012E-02   0.468596E+05   0.468547E+05   0.160466E-02
   0.128479E+01   0.615592E+05   0.612530E+05  -0.880404E-03  -0.897985E-03   0.684211E+02   0.612342E+05   0.615111E+05   0.612342E+05  -0.146282E-02   0.323317E+05   0.323283E+05   0.882829E-03
   0.160964E+01   0.422654E+05   0.420553E+05  -0.385109E-03  -0.392800E-03   0.302941E+02   0.420422E+05   0.422324E+05   0.420422E+05  -0.100434E-02   0.221984E+05   0.221960E+05   0.483169E-03
   0.201662E+01   0.288905E+05   0.287469E+05  -0.167711E-03  -0.171060E-03   0.133071E+02   0.287379E+05   0.288680E+05   0.287379E+05  -0.686519E-03   0.151737E+05   0.151721E+05   0.263128E-03
   0.252652E+01   0.196689E+05   0.195711E+05  -0.727434E-04  -0.741960E-04   0.580665E+01   0.195650E+05   0.196535E+05   0.195650E+05  -0.467387E-03   0.103304E+05   0.103293E+05   0.142595E-03
   0.316533E+01   0.133421E+05   0.132758E+05  -0.314372E-04  -0.320650E-04   0.251976E+01   0.132716E+05   0.133317E+05   0.132716E+05  -0.317045E-03   0.700745E+04   0.700672E+04   0.768854E-04
   0.396567E+01   0.902047E+04   0.897567E+04  -0.135412E-04  -0.138116E-04   0.108834E+01   0.897282E+04   0.901344E+04   0.897282E+04  -0.214351E-03   0.473767E+04   0.473718E+04   0.412246E-04
   0.496836E+01   0.608026E+04   0.605007E+04  -0.581505E-05  -0.593118E-05   0.468224E+00   0.604813E+04   0.607551E+04   0.604813E+04  -0.144484E-03   0.319343E+04   0.319310E+04   0.219572E-04
   0.622459E+01   0.408711E+04   0.406682E+04  -0.249031E-05  -0.254004E-05   0.200758E+00   0.406552E+04   0.408392E+04   0.406552E+04  -0.971209E-04   0.214660E+04   0.214639E+04   0.115947E-04
   0.779844E+01   0.274037E+04   0.272678E+04  -0.106378E-05  -0.108502E-05   0.858242E-01   0.272590E+04   0.273824E+04   0.272590E+04  -0.651188E-04   0.143928E+04   0.143914E+04   0.604940E-05
